101
5650396916144279123
1794166156360180410
11474377500057056498
10064594888513999145
11380128969089981912
581832629569526225
1844595163797589230
5481998897608180667
11792494412047559895
6635162991182142791
13452773658840258369
1823884839222800738
3076107807047025777
15590876831637609093
15206098909170299528
11856538081835559469
6609998888133957324
16747872759354308749
9144496684317481365
4236652773774770899
6433561347244850463
3
2
2
1
0
1
2
3
3
3
1
2
1
1
0
1
0
1
1
3
3
12345
12345
12345
12345
12345
12345
12345
12345
12345
12345
12345
12345
12345
12345
12345
12345
12345
12345
12345
12345
12345
12345
12346
12347
12348
12349
12350
12351
12352
12353
12354
12355
12356
12357
12358
12359
12360
12361
12362
12363
12364
12365
12362
12361
12360
12359
12358
12357
12356
12355
12354
12353
12352
12351
12350
12349
12348
12347
12346